29.546574 0.000000
-12.564154 11.509794
1.152562 -13.132844
6.771384 8.832072
-9.653764 -1.707615
7.473526 -4.754045
-2.112719 7.859210
-3.487902 -6.715743
6.669298 2.435617
-6.200698 2.559558
2.701301 -5.772523
1.820473 5.803954
-5.042037 -2.921963
5.470289 -1.202628
-3.104523 4.415865
-0.670150 -5.171504
3.860141 3.253331
-4.891881 0.202295
3.371348 -3.354942
-0.213733 4.622183
-2.887962 -3.460744
4.356827 0.586205
-3.523216 2.451362
0.920665 -4.092447
2.040062 3.560180
-3.827081 -1.220943
3.572890 -1.650766
-1.489761 3.559708
-1.281360 -3.562506
3.289948 1.729104
-3.530152 0.930537
1.940471 -3.017878
0.597544 3.476938
-2.743904 -2.125033
3.403988 -0.282013
-2.283753 2.468670
0.016159 -3.312453
2.192996 2.417458
-3.203514 -0.296901
2.526901 -1.917828
-0.560025 3.078392
-1.644201 -2.612800
2.938346 0.805279
-2.675868 1.373211
1.032382 -2.784674
1.105989 2.716834
-2.618708 -1.241055
2.736459 -0.843679
-1.431037 2.441811
-0.587427 -2.735546
2.255373 1.602111
-2.714949 0.338359
1.754111 -2.060802
0.097571 2.675575
-1.859521 -1.886936
2.618387 0.133880
-2.000558 1.652961
0.354991 -2.544402
1.442549 2.095027
-2.454693 -0.564819
2.170476 -1.229705
-0.762489 2.350383
-1.015834 -2.227124
2.232644 0.947202
-2.265278 0.802315
1.118239 -2.102688
0.590498 2.285331
-1.961766 -1.274969
2.287766 -0.381693
-1.416852 1.811160
-0.177165 -2.273146
1.652173 1.543442
-2.242121 -0.021876
1.654387 -1.486129
-0.214278 2.195417
-1.314361 -1.749439
2.133836 0.398954
-1.828444 1.138202
0.574890 -2.058247
0.958983 1.891351
-1.969587 -0.741148
1.938208 -0.778020
-0.896872 1.868847
-0.596609 -1.969160
1.757074 1.041292
-1.984449 0.416021
1.173726 -1.635356
0.237488 1.984411
-1.504822 -1.293585
1.969470 -0.062203
-1.400376 1.366629
0.108692 -1.940140
1.221958 1.493701
-1.897014 -0.274109
1.573259 -1.072005
-0.433021 1.840763
-0.917974 -1.638848
1.772131 0.584468
-1.690363 0.761067
0.727561 -1.691926
0.602480 1.727795
-1.601017 -0.861488
1.751233 -0.443392
-0.985518 1.500325
-0.284961 -1.760856
1.390818 1.099002
-1.756935 0.128313
1.201378 -1.273502
-0.025464 1.739828
-1.149414 -1.292174
1.709975 0.175323
-1.371007 1.019618
0.320267 -1.667895
0.885193 1.437586
-1.614182 -0.459358
1.491711 -0.747226
-0.591715 1.549499
-0.606807 -1.533276
1.474569 0.716526
-1.562261 0.465020
0.833047 -1.390176
0.322936 1.578740
-1.297150 -0.940610
1.582871 -0.181605
-1.038624 1.196370
-0.042051 -1.574898
1.088748 1.126576
-1.555145 -0.094736
1.204039 -0.975227
-0.227808 1.524015
-0.856775 -1.270667
1.481983 0.356260
-1.326201 0.734373
0.479240 -1.429593
0.609013 1.370465
-1.367455 -0.595953
1.403368 -0.481687
-0.705664 1.296233
-0.353382 -1.424905
1.216648 0.807703
-1.435152 0.225073
0.901470 -1.129465
0.097716 1.434266
-1.035489 -0.986437
1.422480 0.027761
-1.062149 0.935561
0.150457 -1.400106
0.830548 1.128230
-1.367524 -0.269514
1.184378 -0.721336
-0.384114 1.325183
-0.608827 -1.230373
1.273595 0.493487
-1.266073 0.493929
0.596918 -1.213329
0.377551 1.291412
-1.145009 -0.693748
1.306405 -0.260596
-0.783379 1.069306
-0.143953 -1.311141
0.986931 0.865279
-1.305784 0.028492
0.938981 -0.898635
-0.084940 1.290569
-0.805196 -1.004089
1.265801 0.195528
-1.060277 0.707416
0.302494 -1.231849
0.606115 1.107292
-1.189145 -0.405099
1.144954 -0.502126
-0.502652 1.138177
-0.396283 -1.173155
1.079485 0.594512
-1.191861 0.289422
0.680091 -1.013659
0.182370 1.201109
-0.941331 -0.758860
1.201005 -0.075940
-0.830349 0.863169
0.029074 -1.191725
0.779874 0.894153
-1.173509 -0.131901
0.949931 -0.692173
-0.231803 1.146661
-0.600812 -0.997407
1.111544 0.328075
-1.036375 0.506552
0.420054 -1.068577
0.410162 1.066694
-1.018230 -0.507120
1.088293 -0.312414
-0.588700 0.961021
-0.214076 -1.101167
0.897511 0.664274
-1.105378 0.115907
0.733377 -0.828298
0.018651 1.101050
-0.754012 -0.795599
1.088371 0.076966
-0.850591 0.675312
0.170247 -1.067591
0.592877 0.898065
-1.039013 -0.260521
0.937795 -0.507405
-0.347155 1.002998
-0.419603 -0.969617
0.959953 0.429552
-0.993430 0.330183
0.507158 -0.910335
0.239858 1.009197
-0.854641 -0.579467
1.016941 -0.149335
-0.646021 0.793407
-0.059311 -1.016749
0.727201 0.706414
-1.008763 -0.029535
0.760293 -0.656620
-0.116542 0.993186
-0.582282 -0.807364
0.970272 0.201077
-0.847386 0.504826
0.282535 -0.940329
0.424901 0.880180
-0.903714 -0.360347
0.905623 -0.343166
-0.433980 0.860826
-0.260280 -0.923652
0.812108 0.502944
-0.934262 0.176903
0.566792 -0.758040
0.093683 0.937503
-0.699134 -0.625125
0.933485 -0.011258
-0.677594 0.635929
0.069751 -0.922367
0.568991 0.723899
-0.904364 -0.148745
0.763794 -0.498902
-0.225152 0.879739
-0.426261 -0.797088
0.848801 0.298430
-0.823643 0.351672
0.368068 -0.811903
0.275749 0.843376
-0.769439 -0.433595
0.856258 -0.199101
-0.494580 0.721836
-0.122334 -0.862314
0.669558 0.550632
-0.861621 0.046045
0.601408 -0.613093
-0.029184 0.854308
-0.552955 -0.646611
0.840551 0.102791
-0.685993 0.489679
0.174233 -0.820577
0.423811 0.719355
-0.794654 -0.242997
0.746549 -0.355911
-0.308598 0.763093
-0.286545 -0.767477
0.726243 0.370585
-0.782092 0.216277
0.428542 -0.684489
0.145672 0.790399
-0.638247 -0.482094
0.792450 -0.075285
-0.530906 0.587962
-0.005662 -0.788346
0.534100 0.574686
-0.778234 -0.062671
0.613187 -0.477150
-0.129203 0.762308
-0.417613 -0.646208
0.740800 0.193449
-0.673595 0.356005
0.254950 -0.713985
0.292847 0.695242
-0.682175 -0.313278
0.711088 -0.228662
-0.368036 0.645715
-0.163974 -0.721121
0.604979 0.418864
-0.725374 0.099300
0.465439 -0.560370
0.035146 0.723927
-0.512314 -0.507478
0.716902 0.027992
-0.544739 0.461257
0.089639 -0.704463
0.407659 0.577024
-0.686816 -0.149337
0.604175 -0.351993
-0.206655 0.664202
-0.294740 -0.626081
0.636901 0.261188
-0.642675 0.236383
0.312561 -0.605221
0.177406 0.653931
-0.569502 -0.360431
0.659869 -0.118290
-0.404490 0.530110
-0.059505 -0.660551
0.487431 0.444466
-0.656079 0.001511
0.480127 -0.441874
-0.055246 0.646596
-0.393861 -0.511278
0.632281 0.110340
-0.537766 0.343825
0.163368 -0.613352
0.292209 0.559476
-0.590056 -0.213948
0.576339 -0.239459
-0.261729 0.562673
-0.186023 -0.588322
0.531511 0.306388
-0.595434 0.132343
0.347634 -0.496903
0.078857 0.597726
-0.459202 -0.385210
0.595284 -0.025990
-0.418895 0.418781
0.025843 -0.588234
0.376027 0.448502
-0.576736 -0.076247
0.473884 -0.331338
-0.124846 0.560984
-0.285123 -0.494931
0.541202 0.171286
-0.511572 0.237791
0.215239 -0.517647
0.189754 0.523773
-0.490596 -0.256403
0.531539 -0.141422
-0.294509 0.460356
-0.093198 -0.534910
0.427249 0.329314
-0.533965 0.045476
0.360613 -0.391618
-0.001362 0.528816
-0.353819 -0.388233
0.519609 0.046950
-0.412034 0.314218
0.090942 -0.506521
0.273189 0.431915
-0.489757 -0.133010
0.447809 -0.231113
-0.172852 0.469553
-0.188366 -0.459683
0.446166 0.210189
-0.467542 0.145328
0.244773 -0.419876
0.102370 0.471426
-0.390982 -0.276383
0.471406 -0.059853
-0.304829 0.359801
-0.018130 -0.467589
0.326661 0.329954
-0.460109 -0.022463
0.351633 -0.291902
-0.061608 0.449134
-0.255868 -0.369773
0.434857 0.099006
-0.384319 0.218910
0.134378 -0.417496
0.181379 0.395243
-0.397293 -0.167473
0.402557 -0.143622
-0.198064 0.374510
-0.105981 -0.406301
0.349428 0.225953
-0.406548 0.068792
0.250969 -0.322341
0.032375 0.403402
-0.293557 -0.272974
0.396998 0.002959
-0.291859 0.263393
0.036920 -0.387495
0.232172 0.307547
-0.375080 -0.069233
0.319994 -0.200219
-0.099649 0.359965
-0.167863 -0.329185
0.342381 0.127937
-0.335141 0.135427
0.153895 -0.322580
0.103229 0.337910
-0.300831 -0.177346
0.337571 -0.071581
-0.198141 0.277417
-0.040781 -0.334234
0.252630 0.216158
-0.328036 0.011117
0.231308 -0.226776
-0.017142 0.319139
-0.200162 -0.243528
0.307732 0.043742
-0.252790 0.173103
0.068452 -0.294024
0.145911 0.259092
-0.278249 -0.091059
0.262463 -0.118899
-0.111376 0.260656
-0.092374 -0.262962
0.241512 0.129238
-0.260676 0.066639
0.144506 -0.221100
0.041988 0.255719
-0.199715 -0.157065
0.248231 -0.018704
-0.166826 0.177660
0.002940 -0.238376
0.155249 0.173724
-0.226342 -0.022680
0.177716 -0.132804
-0.040265 0.212333
-0.110651 -0.178778
0.196574 0.055451
-0.176906 0.089126
0.067999 -0.179303
0.068568 0.172099
-0.160766 -0.077663
0.164355 -0.049334
-0.084179 0.141213
-0.031798 -0.153649
0.120883 0.087233
-0.139887 0.016376
0.086400 -0.099986
0.003563 0.122825
-0.078644 -0.081002
0.101828 0.005968
-0.069693 0.056715
0.011041 -0.075046
0.032922 0.048584
-0.032926 -0.007835
